18429
84059
91656
14867
103008
89031
50931
3912
96024
78585
11866
99396
27355
63418
6566
71057
102855
6089
2072
56527
70124
32206
86749
102833
58033
48486
46095
8154
77704
19477
85304
12928
31389
89604
6387
54785
68083
61139
54544
58490
19755
8915
41746
96925
44367
18499
42856
24529
20813
14506
31128
66924
75158
20640
49110
21114
41950
23949
27840
12971
76820
34694
5696
36308
73732
72873
14912
57659
36045
103216
39292
88784
60954
26530
1549
12468
101875
18178
10647
18442
44668
79543
86707
48146
80484
82902
26775
54499
57455
6986
37825
34479
30516
51067
52972
93468
41837
87850
39365
102759
50906
9653
81672
62402
36713
48960
5257
48842
54059
18517
21961
35634
58208
51091
27605
57824
55390
22311
95771
89966
17505
80774
18504
21050
66201
16982
32945
48986
63712
32800
42684
97444
15217
46162
46420
37554
51622
48832
99645
80249
54948
93796
9383
26250
60403
28526
13740
23369
15239
36451
81016
43615
102544
17788
25904
58730
80709
62622
60188
97974
7400
61417
16086
3021
1939
2341
93548
20520
37746
1808
1137
83447
38662
3460
29071
89375
77322
46842
43057
10244
89676
43990
45042
81828
25380
73817
91648
36224
22788
44276
94755
23665
76004
85189
87875
1544
96156
25082
99152
19291
25444
73633
100671
4714
47622
93365
31917
6167
6466
62414
97738
42533
42080
29609
73213
97014
20352
32987
102237
63619
100547
44960
55345
55307
36732
96812
83220
30743
59476
19406
70185
95280
7341
1001
17907
15547
76977
43816
87098
14235
12426
77562
35278
48199
14358
89503
78806
53993
28610
70502
66714
56537
55045
46510
25712
80329
77598
54474
39080
53620
89250
22140
83425
14377
35791
49014
17791
13373
45582
17950
37028
15325
74455
9892
82658
16498
11880
19347
92972
9786
91263
55875
18897
59872
9494
81287
31605
39961
53001
57086
88413
72314
79314
55540
71323
14414
16353
10715
47100
74470
52145
71309
2117
14409
34149
92951
102609
74671
28120
61039
92313
49496
84281
96979
100515
69637
43421
78213
68381
21624
23929
13834
62318
100053
7669
29375
94564
7452
22424
95786
50001
19059
99085
37938
71532
32083
50660
52505
56071
23842
59440
87879
54674
15532
16559
24258
44661
87234
84172
45544
42255
3434
66939
63840
63715
5316
96125
5288
102563
13722
90843
70223
46976
87968
101100
59194
84855
20527
103666
75102
3794
98930
103304
20011
30375
45168
73540
78126
89636
82408
70060
73227
60334
74099
2094
247
1767
30230
69879
43452
53115
48830
14399
40334
72339
96926
99072
23460
6530
36568
15066
30799
62706
76064
99248
4097
52773
32098
68486
40600
23914
51953
81970
86781
29920
32388
73531
84031
87157
79477
55002
52851
67319
31220
1823
41694
44848
22947
69312
88156
28377
98909
91041
34584
91408
47654
26831
61766
44838
56584
45918
14665
50982
3959
53492
94310
79725
82717
91971
6317
21876
44970
40956
13626
69569
4650
60285
8150
67678
50460
3414
52377
44779
89549
94322
72550
30991
47618
74612
47934
29723
24560
19027
49547
47318
60567
31151
70278
79975
84581
24146
34563
35007
33431
47511
59818
40225
63364
52255
80316
14856
34929
82604
27948
11256
49271
55451
11881
8887
53795
16572
79624
49236
75274
28266
70429
28718
89537
45419
70188
65296
72222
73644
78242
12030
39720
74050
4835
43248
75034
73131
84260
88303
47932
27155
85285
64952
30308
69237
13650
37009
103336
19159
87017
90891
50576
47913
88435
54031
102007
21748
62969
44442
21506
35349
101501
26814
97296
59692
7601
24437
23002
4870
71562
73082
95304
6106
67474
93119
11186
77097
31850
88388
81618
102708
39634
67804
38234
33976
101399
88084
58016
82091
23406
98370
52431
39484
60648
27868
55907
29223
67442
57911
44503
75816
25246
6463
42781
72186
81995
7115
29564
58392
10093
39606
11816
19127
91120
32522
92509
58622
36070
22820
12617
55098
36487
79382
86853
78081
96780
93934
19374
60061
34829
100551
66004
102082
8519
1924
38062
33697
99935
81202
22602
99489
29103
52653
56463
80132
88578
71905
66800
49315
41933
20369
19490
74942
76633
22614
33019
77276
18388
47298
55219
52167
31192
913
20124
82697
23455
92438
90163
64665
44955
48939
94810
69439
96339
35345
5390
13845
64302
21538
3534
56
99143
22698
80753
70356
42414
11752
42959
52713
59332
37843
42758
56067
12634
15600
65277
10427
92667
40272
8012
4247
26201
26965
12629
55681
22030
96734
44425
90330
15643
66961
35681
100817
80420
97787
59020
75667
49673
75547
52547
6918
57716
31161
99534
21967
94055
78777
70751
55141
24349
47945
73857
4011
98918
36162
7068
31359
83844
86348
54403
87230
17959
54252
31729
71590
54242
42930
74825
35674
39547
11994
55852
61274
66021
87381
73408
3629
93173
71436
21720
12921
46615
101890
103154
50482
96899
26731
49113
56280
39505
99351
64065
28088
77924
33663
90213
58666
69989
83887
3930
41252
55501
73878
64567
40038
70531
23219
76898
71671
101954
100480
75130
98015
62116
78376
65091
58146
39048
6031
31354
44083
68881
94994
7673
10822
20850
27916
2659
16862
37467
63732
19540
92192
14181
69452
13024
9907
31625
5205
91584
49668
5967
65017
44293
42598
69594
100721
14818
13095
9241
36931
63408
97539
185
1063
82584
50665
73440
98033
48383
17275
83435
67938
83080
79369
64822
14606
57207
64494
1982
100881
29392
16915
45901
95693
75737
20345
54916
85339
43790
85730
19110
94676
58933
18336
89714
17539
61516
12507
7886
88728
67900
76909
58846
28337
96839
25548
59183
17285
102986
28786
58114
62104
64398
33564
94195
83028
57471
80496
18706
59945
76830
90923
86009
36066
97814
81966
98609
38181
16581
51358
58482
54637
44899
4479
38606
59972
46072
101888
100710
39220
41577
39345
31585
33326
27679
87484
42662
82376
51476
52399
24368
44535
86088
84869
29721
95172
10049
60552
17246
22910
100689
67408
20909
37691
52594
39569
12939
80366
26262
25837
71243
64122
59660
46816
95776
66742
86359
74443
3313
46382
96135
85922
68564
64847
42828
76449
39806
102471
60039
82123
81580
33298
86975
5582
40633
90375
15346
28587
83662
61577
96545
73947
66951
52741
46647
22223
23601
54903
6602
69298
28858
19883
77963
73622
23082
40864
85798
79184
34595
77142
22175
59890
70936
40092
70568
46558
26942
57879
6355
51393
96505
13174
98559
49705
54063
35342
22742
17214
96398
85221
47303
68707
71094
65367
69522
19726
91785
43074
72546
62635
75254
33590
24459
15408
74373
100185
53655
55298
69725
20437
75686
60381
4697
51293
86810
15098
16701
89382
68394
29163
68582
97311
83403
73016
99304
32091
100779
33885
14343
78408
81860
77753
30021
71684
42800
6295
19508
74277
29753
62769
81307
31394
70716
45811
62382
70800
76439
39693
80554
19582
21839
70652
98858
86361
85287
27397
29007
55182
2042
58561
75038
77935
58396
28798
97946
48255
88869
87582
64132
92455
45783
64945
7008
89659
84628
55964
87213
95420
54447
16216
39878
50601
74585
14726
72499
52890
86393
15963
95913
65392
54345
24966
70620
81315
65585
49828
1596
33537
80864
78352
75757
32319
6527
67736
34171
40028
24804
82562
39016
17046
3153
3648
103667
26483
72250
69718
77998
71570
4980
91426
29172
97591
64209
89285
15703
64911
63746
44757
683
46549
31835
13501
94374
29749
93846
100725
81063
17278
100111
3175
56884
65424
19242
79922
44266
69750
17507
39275
85534
48954
90006
70442
37949
82077
34271
102495
10726
95660
41774
4294
79250
11449
61107
18768
82362
47464
28281
68547
83684
25749
44651
63126
2168
33453
86391
68127
86990
95622
48012
33648
97357
63609
81429
19887
15009
93039
41317
14220
73810
72229
78444
28196
19649
18746
75551
7182
22861
77839
98115
29888
51540
25098
5469
90104
84046
2590
83582
70242
76250
97709
40601
99422
21435
41159
93188
7949
18228
12865
71468
63123
42932
83048
53961
84813
4638
39203
70072
24430
2434
98683
53134
62610
20194
97566
15384
80143
85976
78598
83379
1718
61670
67101
29984
3562
19860
95349
52800
61333
32643
8077
101922
28932
25228
28646
12847
86704
53867
103093
90245
52287
8335
18438
13238
65286
7748
6634
77259
102916
18265
47001
85253
52621
56580
103549
65837
42353
57761
26004
49081
67446
69426
40620
96783
10542
14822
79094
100500
83010
14885
174
3439
94044
6426
47517
65710
29473
19098
28936
59427
42085
39157
77691
51502
8303
97085
20145
52374
72880
63513
66379
44133
34188
81814
71077
91334
98544
72396
48436
101455
65525
71496
31315
97502
63064
27187
82177
55105
82825
20726
6336
60526
91789
65944
1850
26498
34447
49664
73188
99090
98671
46388
68700
91942
101719
1640
58782
54479
98295
90811
94115
10213
17976
55109
25489
96299
468
103429
2360
98894
13736
56388
35649
10567
27327
40162
22547
40075
24491
5793
82626
33004
45137
45822
38658
34114
7798
75525
58685
77362
70852
101550
47578
96116
25953
3863
50169
14025
19964
78278
12575
15628
30959
71019
34697
77114
92490
49784
27931
6759
13525
29371
95873
57257
7018
87548
379
102377
65405
38415
98327
37444
45911
6441
85154
95026
99613
103244
14782
16836
85054
20300
45754
33505
52079
12447
42245
41806
1686
93633
32501
12511
61119
56803
25695
90963
42694
33309
57848
40050
19230
102000
36725
88610
78802
6665
32738
49623
22893
76776
16248
59841
71933
101416
50549
94200
17815
92185
10827
61022
100008
75662
97961
83851
65757
86035
7858
103057
56357
40751
101814
22925
67570
53239
22417
21156
9590
76248
84615
53941
6515
22214
87162
36633
33732
6194
53756
60522
98001
71666
31504
85258
71801
68219
93292
385
78834
99407
16340
15051
15380
71360
95462
63622
84010
12949
47325
11513
3498
32582
62097
12526
67082
9184
63808
5820
1872
26878
63926
40615
103662
2712
47690
81105
46675
82443
90195
85809
14765
24878
33707
13073
39626
93389
64804
85545
35894
25452
25447
46091
35442
38239
43420
66680
7549
50752
33880
71200
1746
878
1608
28514
25387
37917
35950
99021
94023
9424
72120
15055
75883
90735
13712
85663
26400
47715
94080
38145
53934
74117
39417
87726
70104
34494
4852
79473
3350
13402
48928
1342
93260
48024
30758
78658
93339
38812
74951
2644
102846
58433
62814
31720
72959
45016
100270
98355
47355
16261
26562
92961
38311
73669
86849
101264
60386
57969
99339
19213
84527
43961
48319
65972
43128
97247
40432
38694
101894
24462
99231
59487
95201
13660
73435
4047
846
10912
3399
54276
54992
12421
65925
62498
86986
45642
34955
93861
26598
35204
42328
92330
59010
92205
7375
38887
18001
64334
69733
13764
48999
52364
26233
65866
71551
17307
7100
69907
73390
762
56285
42979
2282
52000
100461
72037
31079
8169
71487
27492
49058
2316
57977
39801
51027
84591
15083
4824
93581
25705
24037
81292
40474
87170
52737
34685
26076
13152
97380
72569
70942
5037
85522
12415
10753
96253
23056
89544
69366
27391
58901
40701
32045
48116
91476
42920
77191
100996
101565
84994
88048
34533
88464
49956
81033
47216
27628
21136
101505
21025
45869
5654
65053
37489
53531
100913
9246
46721
51770
32636
79689
81756
92334
7304
85650
8828
19975
97983
22829
10991
24963
88884
38447
8342
7358
91211
38279
33981
97782
69858
68208
23483
66297
75180
67114
73340
27276
34181
22225
53973
24759
89142
24747
41515
2309
41334
62044
97655
40366
41640
2035
66869
25071
26717
52670
65913
95126
12911
41778
9918
95259
22843
39905
59840
12057
47499
74703
57075
33939
65481
1354
96606
77655
861
92154
65181
15019
36104
63250
84544
9672
85745
39144
41101
86925
21386
27062
47113
15981
333
49415
73418
99970
101990
101426
103690
80503
19722
17221
550
52177
22300
87922
7766
1073
7922
66392
87337
81561
95400
52579
7854
23969
10
22047
87698
69675
14324
51970
66633
87833
34071
4343
78143
50686
73654
17495
38259
60118
33399
4188
81269
41302
64908
85431
24477
34296
24427
51944
70856
101313
51450
36583
53884
91123
53151
39081
39873
56599
70371
79986
72441
41791
80802
19623
6796
67165
45366
5320
98008
66202
3317
84513
43153
26333
57665
61087
1200
64603
19986
41874
71473
7888
30122
17164
27052
98545
67805
35838
61747
829
39246
87039
71560
37573
13616
29824
102718
94391
39759
46324
94485
19611
14852
3813
21311
38166
67740
3008
78881
67726
102972
11756
35873
78809
69942
14617
98111
19994
64050
68335
38762
1337
2163
27094
52861
33875
82503
84419
64476
41424
100079
103209
28840
52925
33727
58870
33811
102731
68958
96371
32700
38932
14991
28911
15848
67431
14689
83005
83042
5676
92402
31284
36618
101602
33779
53782
99884
77863
22537
33341
60426
46232
34765
89949
90670
75303
85635
1469
82421
45653
90033
73116
11571
75797
12299
59686
45631
12753
95380
97495
13270
64459
67528
59446
79498
10844
47109
102548
50789
18316
62070
78671
37484
79864
47588
13687
4856
8960
20484
32287
46207
58991
64216
35965
3581
53060
37522
32913
18805
99474
101223
64729
92915
17330
67817
102714
7072
15537
55867
11350
34139
22242
24378
94808
39697
35468
66135
34662
84649
2381
78261
41213
74195
95868
6142
83623
94943
1956
39332
76952
90378
102264
18052
14833
7198
10272
19350
86139
68408
25527
84804
8315
1222
95898
101982
80516
35151
11556
55590
85864
79919
76656
64001
14301
41842
85021
35210
73076
52130
36019
102852
18951
74139
82828
55903
61989
90626
63931
43379
63386
4326
74723
98072
57183
49606
24213
33013
91423
20235
60835
41145
40578
64277
90730
2559
29403
92266
55236
38648
52611
7332
74667
66927
63079
78784
7980
1041
19932
70493
103417
94575
28164
40124
14996
38599
6042
8650
45404
69598
40193
31369
14014
76143
11688
43742
22579
13700
33194
44751
51433
57050
81586
85109
76019
91532
37182
3345
13643
10747
23179
17527
98168
28362
70791
79106
29897
19971
77674
46410
8450
21224
71769
48178
96020
57040
8838
42239
27183
99443
75673
47086
80015
73445
96948
88533
25476
52283
1322
85590
66605
61185
98464
27023
99460
45020
52120
13283
84918
72205
38209
102067
51123
60366
32182
98512
66828
24698
57751
31697
45149
78397
9924
35542
26104
47340
352
38928
38960
97087
89863
59431
40660
103649
63445
41653
95930
70178
54686
58995
42272
53983
21175
74886
24482
43929
51575
23061
34331
99272
74563
58723
1406
54383
8988
64975
6555
6695
22506
9573
14296
101606
69313
24701
36219
62927
70324
39207
41412
84095
81058
73244
32558
96629
56631
71973
36280
84185
4877
97760
98630
24569
66556
97889
90362
94545
8855
42134
9400
41726
19370
62279
3098
51521
102905
76877
64790
61985
77793
36204
6675
53441
17194
4487
59558
83872
99399
47902
53716
26493
26161
60847
94602
79796
102035
95204
89201
48712
10562
59077
75848
33934
71932
81612
68762
58615
51126
34474
19804
94708
33616
408
39537
63917
47811
64712
16784
9191
87185
18778
31725
86684
79853
58105
100807
94960
24637
57279
34565
82130
72746
31357
20598
22521
102381
95056
65144
59590
24861
97181
70549
6374
65409
97301
84791
44143
20524
18851
53652
23981
100815
44507
39066
94132
94956
19640
77613
75111
76578
99463
55643
47701
54507
4909
37726
99428
102078
81338
89619
77544
44539
42377
77187
90125
45801
1426
99776
91366
40642
13690
23621
45046
18667
102201
73604
18356
102645
5329
102456
35239
29862
57316
60939
39611
73753
35121
68779
27611
48091
25563
95610
83060
96091
20954
87932
98246
8210
36796
10103
31004
99987
77461
35679
98084
8879
60494
59344
59243
15170
71296
9059
52592
1237
87342
93805
44768
41220
97824
90718
9864
68907
95650
68234
27418
25328
86208
81001
38939
26098
21888
33971
40383
77358
50443
57215
22770
63770
32755
75936
51815
32614
19326
84204
22792
69939
11112
16236
75423
20332
59940
18741
97375
81945
6836
73280
63492
20990
65901
81529
62756
92847
60441
75893
101715
21418
36841
2575
8568
46874
64697
76930
17929
4435
94723
53980
20902
68254
64196
10743
75474
80582
46267
17253
15299
36622
71585
16765
91652
41069
69226
52384
102763
21871
59377
86435
28045
37902
80730
62583
99283
72333
40242
15185
78770
29616
52616
48142
57387
27900
69843
4408
25611
95757
28288
97602
50924
28958
12193
83174
97225
101518
1559
72399
26642
98791
9644
30453
90504
75566
13488
25182
36009
69165
97215
33209
1705
75442
58618
53672
7028
48691
91388
2933
61174
29704
76096
49515
28077
24400
57900
66624
17715
7850
32646
52135
98576
9180
96835
77892
78639
90836
30638
69910
36867
74362
677
66064
47789
43934
67378
43909
66815
22069
84078
138
87479
65178
670
92420
43642
96962
51155
10319
39385
38765
18893
61535
46998
26034
73898
56103
74031
59968
53453
9222
6458
75229
66292
79020
88629
58237
62021
64539
68660
32881
102064
1665
96189
22599
91862
50896
88826
74854
14463
70174
77512
56502
49046
49848
84745
36884
26297
28317
61961
30301
57189
90821
13628
99263
36351
92718
84014
36323
74411
85262
36637
39171
38367
45741
28423
57760
26377
71455
93712
89510
12545
9437
67538
61696
55932
65530
50682
73376
94430
33822
34208
32066
96719
74190
65802
65401
1756
83239
26613
1458
6416
78517
63396
19668
68211
64462
58713
28398
1158
60071
48670
20293
15720
94233
12649
33601
17502
84726
50909
56309
53183
58514
57577
80026
11277
15190
20626
57864
20213
38819
62868
17021
73312
54604
6078
103281
39833
100611
68784
53082
97914
58418
96056
51114
17986
53033
3762
74487
6177
73105
103172
13227
20651
57729
2854
96316
9373
54377
37023
35928
30603
69081
30181
10812
81442
38374
83797
51712
13557
79325
89852
45097
56399
2901
56335
6117
68002
51109
24141
29599
40675
95809
85145
5644
24195
9481
95539
40252
30671
38103
51387
5265
68271
3942
7716
60574
36749
30318
30726
65084
2787
15413
20256
19191
16817
43587
47831
67323
7377
6241
16762
63949
69260
65540
92280
58959
33854
93829
18279
77642
73276
101628
60252
95268
3120
41229
39188
26661
20273
81811
43818
37568
73091
93632
51257
51527
61189
99845
83110
62502
72949
82704
54435
81044
90638
85512
53018
58306
79897
38395
73576
153
40847
76919
40783
19863
42075
37640
27166
47050
61253
96481
75455
49447
42287
13317
38352
80216
96748
36128
69512
48307
70645
19081
97264
18985
25067
22193
945
33352
80410
25685
102984
18272
12077
73085
26702
21439
3836
18531
103418
88320
29036
27079
2476
57901
84947
94301
18861
22706
20405
28114
89421
4450
45488
11160
54323
74652
94791
84364
100326
4614
102011
45997
51248
22846
39594
11385
74544
18240
24666
48783
48815
53371
20611
44494
40361
87256
68194
60220
37854
20623
62530
86344
76937
8182
37548
43854
76652
2940
101596
102473
440
70452
5069
53643
52951
24056
32475
66933
56694
31261
14805
92686
54506
18610
92249
84503
83452
97328
18972
87715
74904
25039
56438
39098
10737
79347
30266
29727
12816
13110
73320
3698
48565
93949
87531
53226
47018
3873
48426
24733
44457
77174
26682
92742
25997
10017
86230
30775
10446
43892
15762
9356
52887
94346
72846
19259
77308
61171
8976
84402
17390
3509
32950
55826
54585
67213
77049
1793
15045
46291
74521
94146
10081
39153
52251
72752
103040
74330
24432
98147
95561
63524
92110
76913
36654
38451
26129
55680
87069
78759
44079
27473
37358
45879
6764
27478
57370
93917
63440
63509
41759
25673
65337
78511
93959
97389
74016
31089
67927
53535
48351
35325
45965
66347
52832
30966
70888
50469
25130
59268
65044
35161
52509
52760
72650
78274
50632
32026
42900
41974
75066
103249
16555
25727
44270
67627
85675
12221
65116
100031
13692
46245
78854
90942
29770
32575
10209
78592
30283
33150
101765
61234
75958
87687
19672
20556
72486
31036
5701
86024
21733
82922
98359
63327
85358
40627
27637
40114
66993
36422
98065
78079
95158
100751
98402
33929
91444
1411
55251
38638
101498
10876
14241
101217
82194
3449
65456
97507
42459
43244
8298
29494
93174
77860
95671
74580
5454
53778
46587
62154
79838
1260
65059
94342
91756
66293
13276
84464
34235
100917
84466
8881
11318
67741
102169
51580
54119
63496
24850
9428
36986
29462
30940
36072
91616
9342
55745
51842
101431
23582
16962
40738
89227
20683
18107
21096
72409
67583
18942
12742
18233
39688
6712
41081
67698
86522
38489
13020
53739
27288
19873
100085
8402
2195
43008
98897
94305
96943
26365
90298
45593
614
86056
27789
46986
69534
35400
99744
57284
36756
30459
69690
22397
43555
80857
73930
78949
89218
94842
67489
86711
51225
46844
32420
102046
10711
59540
31532
87858
40770
9685
37970
88661
62307
2499
13707
17243
39239
85511
49374
15770
37206
21995
71264
13596
50028
38975
92707
3072
15859
73676
30007
7903
13586
82013
58886
52919
101301
962
53470
53247
53086
28150
53704
21326
7208
10658
17068
50312
27872
91059
35217
39754
60631
101228
61007
2822
1437
10832
40043
36700
49905
22631
90040
25970
54955
20432
5227
24715
62136
89527
59593
73467
12383
38713
91799
76231
22165
74341
45972
57984
78047
62338
96123
31573
20464
33182
40652
45002
17510
3236
8695
7405
53092
24766
16243
22824
11472
89307
22333
8663
9020
4807
86120
79052
45122
51077
19772
75496
96513
87790
82344
90050
71062
25420
9405
48292
6651
16658
12366
70388
31642
9676
35762
85969
51094
66197
42407
13623
53368
70146
52541
48287
30488
102452
58333
15143
12570
61620
15755
35841
74460
44363
20537
46785
96017
93520
77017
7147
70762
32351
100587
18635
86942
62365
27828
74598
96533
10166
75140
50784
100602
35020
84541
86548
40960
97384
25253
73050
74048
97026
27561
56429
20534
76428
32427
1443
100379
51519
18597
94907
90264
52015
30955
40060
28734
71705
97406
28499
51208
72282
101362
42466
15278
1105
94076
88011
82042
77212
95830
55027
26329
85858
25531
60477
19521
43966
33384
95484
96552
18800
58204
90016
19687
93324
28324
24173
89372
8204
100942
89014
79158
14078
61112
97851
76191
50418
68939
95065
34103
21164
60789
72318
6680
67255
33764
62215
23872
7168
38521
8097
37499
52213
9076
75432
96638
90185
76042
78257
37421
42895
71702
32289
45677
101409
9982
37771
27601
62983
22457
74492
22681
24644
53760
98332
85081
19636
103149
33954
36551
3649
81820
84217
98047
85336
98809
96238
41879
5842
46827
99425
93396
90359
53922
87535
102492
86462
94462
48135
93446
8283
94016
70534
75299
73027
66008
58210
21229
83075
87294
23956
76381
95385
32770
57928
65834
82322
76161
102723
64033
29876
72167
44914
66865
79882
4500
47949
31298
75096
12934
74621
58578
83752
76223
10495
27683
19123
103454
42218
5501
102873
50329
33377
13177
101111
61794
18614
21781
68037
81998
96413
37035
63312
45206
23211
93865
47404
87419
49677
101741
55326
100624
101269
81099
97819
34992
55663
47442
78026
95858
59675
14741
89934
56086
666
37159
29847
30675
103314
45989
10705
72122
89763
102877
73785
48734
76184
2627
38893
10507
71837
99158
29929
5593
31904
71805
59045
28531
90538
72018
37672
76528
18114
101394
35029
100639
95395
92584
29048
72482
52638
35415
20088
26810
5561
67691
26510
92843
57616
61588
62895
64430
73709
31052
1729
90232
12607
54225
12602
21486
60587
72367
57792
39781
97623
64340
95308
54572
2676
37719
96293
23105
69739
14203
67291
40055
75079
8118
100002
90808
36426
12597
57825
40935
50136
47008
15153
13424
82978
26947
85428
50995
94645
74391
101260
74423
90062
84451
102297
82814
75767
3717
18165
30353
51938
8475
16808
63541
17358
35659
71409
46185
97499
54087
87366
33238
101673
25268
97174
65112
52172
71377
7096
51806
22153
48648
88313
72912
90259
37452
65461
50104
3477
45014
32310
34088
2363
71338
5589
63170
18921
26466
15632
45667
4440
56093
80747
56305
40210
9045
6944
62275
89353
75356
98400
84405
33956
61003
2776
40891
87655
67959
11239
101191
91081
90472
82529
57939
72471
82793
75705
24114
70210
60616
68445
6046
79304
32695
48604
78917
7890
7272
82237
75237
31536
35046
54359
77733
99378
93074
3044
30551
14709
12896
76233
34352
57697
39791
45790
37201
26547
39281
85217
5718
39870
81645
24550
82530
25122
94094
45315
61920
96221
47730
71275
49432
78588
21534
18674
88605
15916
35647
46102
2808
94827
86985
2459
10478
71044
79074
10431
63433
103422
73413
11399
32903
70238
85775
13452
78232
7905
37980
81546
2348
63686
43288
42455
48027
30782
50763
71126
88948
87394
101996
82934
52964
67772
94878
73412
24405
33917
4183
6877
20798
37330
14305
69811
15596
55287
43527
86680
35520
77110
69194
69583
88266
59756
83327
55416
22246
39175
11517
20722
56329
29296
27696
18365
56028
56099
50063
71038
99800
78321
102349
83016
18691
63369
15995
70889
86103
84261
89888
21716
82433
19704
72254
89820
9516
15361
31256
48409
73864
33113
1305
9127
75972
96106
25272
63321
5898
27378
82377
78412
52103
74171
27849
10230
85403
39774
69066
103677
100903
102628
82455
58456
62724
86874
1110
16413
17556
74709
96798
95368
97369
21849
95263
75399
33219
38331
21844
74932
46127
73842
26579
13811
37393
75427
9032
80929
19323
26714
82288
76496
88794
52466
65589
37008
28981
8639
73768
88215
5950
46166
51390
10314
55996
33472
13056
50877
95088
82685
16372
48349
479
95452
58446
99603
15526
74513
48778
72354
44656
35012
82113
78104
16928
89485
45638
29267
94222
100924
1586
84278
35606
94057
63560
22294
35977
53687
55804
20748
63981
22101
1275
100660
25928
66901
76592
103574
26016
65267
24654
21798
14625
99598
97021
38264
39579
84293
85040
2231
16501
13113
71836
9273
80528
37191
8646
25972
55854
73872
97951
57965
83037
2395
49350
533
35974
2380
98263
35688
33675
93892
10927
54128
8320
91817
53763
59858
92830
84999
77974
30093
98929
96430
1005
45209
83587
101030
91458
43472
41658
76293
47543
10368
80628
36739
48896
28000
89772
55199
103386
48852
68147
66261
81254
994
22532
57736
25868
69145
34367
40827
86916
42863
30934
23996
30510
59648
57712
39011
20468
69117
33159
50437
26842
58232
100429
25279
27519
33790
16950
47040
73430
28042
23255
94921
2184
42832
102778
449
35883
40832
18397
67721
71268
36558
47479
44866
16156
94867
57748
27429
23515
72954
21467
50525
72895
92936
57047
42735
87521
75236
76806
94359
8618
41380
87552
49567
78904
29773
74983
22851
46144
95208
38726
6505
39887
42005
32165
14057
98651
20198
15823
75076
5168
98973
75647
8415
66778
43523
52459
33283
65085
59472
62119
92866
61953
62910
54464
89174
94577
71047
88400
86597
49385
2099
27668
9704
84469
2778
32507
94290
18603
59896
84576
74053
69646
35014
95417
73694
65869
33658
50218
55752
100042
80174
8622
80083
17988
11998
56425
46360
64879
43630
39510
58627
53877
31160
4464
62466
81073
53951
13869
31023
79062
85575
42752
93243
34616
68999
41492
54261
22508
68579
39980
22402
102503
33330
21729
83415
37786
83523
10410
55377
80056
24600
66837
15671
46195
85016
54372
86545
101958
103061
25975
67521
73517
45614
55967
86258
38851
63683
2295
95908
73637
1655
59913
21573
74595
100532
99040
43774
85826
60132
50283
101352
97527
83928
73845
94490
66330
30234
41265
23268
53438
30070
10134
69021
50450
91349
97598
87333
66732
53767
88346
40297
32839
80088
59327
88095
69897
54868
28811
87818
20200
83619
81514
50073
89719
18723
18129
56014
23717
45154
45459
37818
74387
61125
75787
8843
69551
37290
72179
51946
2199
57112
66502
66426
96322
35193
90913
92593
46534
26314
94163
46720
99410
35140
98594
97075
45832
80159
23743
23230
83492
94613
66318
42777
93905
39140
11504
57339
16619
55554
62264
17437
99649
99721
23825
30442
39898
35810
88550
67496
23855
11207
54896
102115
94953
75184
51045
29159
7940
90069
90603
19464
45704
102018
40351
25521
13052
14084
94634
44821
16881
33924
20870
7253
100229
39855
96584
31260
35366
102671
70825
44115
46180
40097
4279
67350
41847
93503
32013
84572
88518
10987
79268
14367
5755
101964
69
103153
6669
91190
99518
94746
14171
4015
95355
87022
77161
15889
73231
39748
88331
4037
100294
81768
92505
7973
31840
81453
78507
95488
91684
95885
65250
99585
75703
77291
25508
22365
72090
46664
77394
23764
86585
78841
23021
58996
91780
63155
35002
6391
73033
44391
93567
5412
38575
29577
31780
33704
53814
6804
77856
70393
67367
56361
69302
15564
98136
44569
28686
67646
4729
40267
101975
83171
36418
41818
93637
94911
82251
45223
78626
35052
46495
6495
15175
14959
21375
59052
77411
25204
18910
27575
61328
97485
19594
22470
33511
23050
16283
98865
51883
46929
59516
15827
59976
38388
102228
90607
59027
32274
70691
24830
56194
20765
53098
59908
54496
61471
62689
23992
63528
100794
71724
24914
57933
26409
46045
72207
25585
24024
76022
67227
32819
4262
97297
17639
37783
83943
58424
58895
71355
45347
76372
5878
49628
13298
65774
72806
28949
98062
58465
49564
56680
93682
6813
61503
7285
76417
44357
5444
57335
47075
12165
9901
101152
35338
79426
78145
39919
23800
38343
76468
5437
3990
42095
67973
26920
30707
99442
72767
42127
73403
36771
39716
45191
63075
32193
54108
55150
28305
20312
100849
22966
17394
15207
81485
83188
29019
74309
65305
82144
79394
95917
21834
1211
57956
36468
87951
101238
18824
83743
44160
57503
54256
10609
66309
66700
64972
103204
63465
19919
6976
60619
97929
41626
71946
14117
93116
14441
6338
15579
28444
33902
15735
51963
28766
98759
33337
7220
36537
99486
36996
15767
58264
84004
40018
20711
100708
48243
92494
52537
14890
33722
27881
98133
77721
68672
4899
34857
32663
39325
39762
18661
38880
25911
78030
56167
67695
83011
22133
97185
472
70474
14927
72514
96636
20396
63141
96049
32415
20690
14478
103645
53546
86380
39278
17566
43408
88916
80614
8271
52573
21278
19187
67781
29812
18360
101377
59724
12458
11303
99725
1788
13960
31632
21605
48203
30392
14139
13933
78968
20761
33245
54327
74968
7935
3121
31892
84036
31843
99196
17656
31411
83166
26456
86071
18284
96060
79971
49049
86588
23251
40183
84819
78190
38805
80041
41413
6727
69362
44408
99322
23543
28504
69205
71968
28419
51607
80234
70723
41187
58946
30421
29975
58414
36788
90450
61291
3905
31267
57600
17158
8883
64635
45305
70375
41366
12013
41181
30360
51182
62173
81090
8752
57873
40415
36920
80908
35076
64309
70906
50354
44950
28373
93106
87007
64737
43305
46668
6819
46296
77091
88336
32469
57157
42139
47629
62590
25856
103517
44529
95290
72105
46151
102122
68493
59412
11175
43261
40033
33389
12129
6900
74067
59526
23184
13640
35447
39621
47421
68500
11895
71419
34844
76763
24087
36809
101577
2336
68000
51261
57406
13219
25724
50080
48174
90144
88188
3217
62566
91808
5782
82528
3446
24497
93987
80319
48756
3367
48044
81392
94840
95216
91925
57008
43803
86327
30018
40065
12710
101911
61424
6996
68005
98107
7467
1840
48189
15838
61151
100372
61348
47211
95090
84823
49799
79523
78767
13234
45027
37721
56638
16698
87003
54295
32210
35879
76894
2280
38784
24946
93737
37317
18729
17473
83065
95412
10341
35813
92898
21321
2630
29257
51900
58338
82917
20873
39406
49300
62843
93360
68713
100234
24835
6370
40696
86058
103513
55767
47514
5178
25766
40906
35745
1950
92955
16376
9572
35293
32787
13159
80197
79767
85839
69241
24269
73359
28853
99781
97429
100783
35960
90578
82162
60458
97870
73544
48890
50845
37040
85397
7203
98947
39670
19819
50956
32170
51158
7990
75173
82979
24522
82471
45520
48597
27346
31838
730
86649
79171
31674
77375
70755
103012
67006
80879
71089
14574
44999
57648
50796
89687
55989
59917
83938
49700
40563
44904
3566
84434
39093
44287
5733
37793
61238
40443
54973
41483
59091
2686
72862
46573
72774
8082
42737
60509
47496
87301
57994
89740
63569
41857
78737
77326
5161
39930
59204
11664
97842
33251
91295
63636
76746
50129
84432
17072
3397
60975
39542
59873
76107
60299
49009
64164
41329
24907
95241
71826
79203
17920
52515
24198
39313
9950
72169
19713
79354
76180
37685
61792
88641
97257
57644
30236
73097
57247
4418
18223
5509
81414
78196
18101
6851
23159
68350
1633
13796
95511
11724
21585
43509
61635
52438
16651
78985
88160
21889
76175
34801
56612
29311
57601
384
73990
45273
59226
2908
69162
82956
11409
85382
68472
67595
37337
103635
20601
87719
41144
75983
53615
6480
12094
100892
77530
90662
54048
85409
87220
74740
19174
47563
23885
11107
39404
1507
11288
3530
31875
29346
37882
63882
89233
23401
28394
102595
59116
97920
62760
14954
65817
30158
49215
24398
74875
17211
26116
4062
7944
61157
37213
68130
69188
67346
55871
99864
99689
101466
103570
16150
77053
26125
77740
46703
31472
31885
25756
96418
98104
33118
77979
41015
24290
18514
24634
45065
10177
46335
39192
42876
89378
90082
97470
72377
74508
57355
26890
43116
71841
24581
5659
51508
86509
96343
81275
41524
66831
103121
75861
95845
36905
83393
65161
11192
9769
35777
76128
45559
21192
30484
29441
60658
26451
75987
8447
57144
16427
73319
95516
52125
88837
46303
10358
97978
86090
46264
57366
102424
36971
20095
80545
59541
98030
71537
68159
14922
91286
80069
2876
87807
76471
36600
19936
33266
500
100836
69102
101041
99896
38213
98806
39421
26542
23595
40302
94998
85692
100358
49651
1497
21207
72711
46527
61144
101747
33277
4762
65864
47821
99753
44636
14292
60884
80101
82438
35370
101196
5
24005
32155
51590
43647
16591
96847
73012
18210
54355
20066
30856
43513
76736
24669
100019
37865
72503
7164
77502
91436
9565
38733
63616
87702
62674
11581
36836
10007
15158
27205
347
53606
2953
38740
49428
35851
86429
79222
72731
99383
10638
51489
142
25805
14570
269
2306
47891
95507
40556
29176
65373
17043
36899
35310
97348
1971
10346
101296
26350
52702
103602
28241
67440
19117
71505
29532
55532
59124
102531
86736
72293
100634
48163
72054
17011
64508
55515
43294
46369
92107
21040
38430
81211
59074
1855
88547
79409
14786
73995
45031
9833
61638
89365
43063
77659
45169
28292
64355
61984
84608
74080
40447
86122
99371
97333
51691
94333
65426
13035
96358
101641
101430
78175
34784
16947
94443
32871
86329
66746
88
83720
27772
9625
39530
80586
75915
92730
32383
14519
70923
47248
21662
54709
46748
82357
60504
6359
84637
101381
49550
22560
88733
31455
18837
30846
76926
1818
48275
75491
1522
55727
89246
69519
23968
13779
39293
63588
22517
3745
84752
66573
88816
21645
79867
77875
48971
69458
90741
53054
81608
26176
46485
91932
22279
61456
91108
45595
37695
1179
20503
76486
94590
98527
6979
8434
6246
48317
34916
47344
45996
25576
102744
41204
100266
66100
66411
66233
9540
75338
65742
71788
53421
32918
72135
94513
24787
103231
20922
89559
31235
15013
38752
91847
82593
69070
6236
51695
43610
58659
9443
56818
53301
90853
94083
10331
74915
101330
64228
70259
22016
4075
99107
31097
21824
67713
94778
27387
76561
1401
91689
40647
87743
68589
50124
61889
47440
22489
32823
92370
8851
100057
33532
3285
88363
36141
41381
97279
84979
41448
69490
44386
19468
19076
39769
49318
60943
87018
69098
27779
74988
75049
27170
32238
34452
84901
42608
46425
18810
21072
33839
60106
102952
15418
58301
78062
10373
45847
26922
52658
5625
30690
92090
7556
29520
49251
58369
39364
54733
103253
31408
75438
73813
36490
23272
27011
42983
34934
79657
56853
73832
10864
60803
53986
7697
64298
97634
45436
56240
59789
59179
30881
66040
57481
1315
909
12189
88565
82707
61080
51774
83972
65989
95363
78688
77994
81576
25985
44812
39885
36669
5691
57892
93788
8667
101188
78271
46773
82961
94182
38338
72033
62979
34797
47459
34462
67487
14880
75000
79197
34897
10511
65520
14829
17143
59572
82208
91019
86477
42583
89324
79391
67086
62696
62728
68863
89805
10795
93650
57119
97196
61574
103461
26846
59936
36109
57468
11228
74761
87840
88119
9456
44609
58055
25179
31337
31295
101702
47603
85899
100121
102890
62905
45501
50415
29144
54161
28366
74752
25189
41557
35602
7871
23821
21358
58350
6522
43010
20969
18184
34691
95236
24981
10869
12344
99813
71854
42028
74641
98700
37601
50400
83474
48575
67710
77878
77227
14932
72446
98994
42866
38306
48297
96893
17126
17202
892
23724
17665
77595
34260
84345
94278
4169
7839
58176
35913
85319
55437
8338
42888
23144
75812
78556
94617
23618
79904
34633
85685
25734
70270
50613
38176
36371
6570
68024
62883
6868
50554
83614
308
42621
60049
91679
25580
7322
49694
3053
50645
69334
4234
67328
15698
16459
100628
5565
67848
83297
103368
48788
45828
100798
70006
38779
11917
76569
69661
88012
69060
8385
4166
101311
45722
40924
50405
92035
86494
59395
99852
94168
46155
46517
65193
3969
63776
81205
3370
102682
1735
30213
1954
58242
86288
65341
28754
90132
89078
93137
71641
92526
90414
28614
84559
42207
8370
88477
38399
88432
60545
86226
79939
72792
4026
98487
68226
61698
10775
202
25391
3049
74645
77485
24338
92173
78677
52367
70656
90677
61539
55573
94273
88752
42529
102403
82460
73248
74158
50492
3335
35706
54193
86620
8911
61392
50065
103403
77244
73553
15948
20559
72616
19088
10061
95616
35711
91027
20993
6219
25921
76795
35381
18536
4711
97424
88859
2744
27315
69566
30194
40107
63573
9152
44825
34627
34220
62642
10277
48513
48312
103441
41953
42851
71341
34876
81190
53954
92234
39666
79803
100512
10299
72531
63202
101968
14468
2114
25680
32927
33500
20428
69103
16027
86753
91721
101005
68191
12126
95618
481
31129
76674
24076
48644
12244
37369
8784
17684
33526
40966
82333
97577
85133
71211
23846
87516
39241
102154
85526
31934
19037
95434
28737
25014
19148
37041
28808
68108
93510
28631
13202
27195
63668
76731
94504
6063
2014
28477
41465
34421
40568
70820
66569
5614
58121
5674
8747
19451
98915
19481
4532
98179
54750
24442
99991
73180
79602
71176
13115
82552
30898
59853
40426
28890
69292
88840
90920
75367
42672
53337
30814
89655
11468
102941
82145
28263
30831
3004
87670
95682
5225
89667
14905
59604
78823
42813
21899
84806
40780
9077
77064
16830
99656
103383
3830
28205
30927
31806
47065
56739
56009
53902
67296
23433
99521
89631
68817
40339
55586
62625
62900
102407
25943
92194
55822
59383
12116
8913
30090
52996
65318
90703
99924
25737
73910
99058
79703
14585
23283
45944
24949
67399
100197
16402
97475
13187
101375
11008
89123
51886
99588
88507
102965
63963
28129
72050
2622
50271
31421
809
66843
1988
8733
49475
81737
23428
27259
31449
41547
95071
92603
38679
69974
53467
62863
83533
38585
97559
86653
53198
103621
27796
50759
8947
36354
102031
12371
59109
82611
41429
37798
6199
78043
79607
13062
52496
19743
87180
97588
75113
43661
22448
20477
22185
53110
34665
16645
39452
6798
50731
63015
29948
78645
61652
62237
55187
45362
13768
82732
59808
74298
32341
80261
48676
79280
26657
62161
64022
103122
22158
28404
47234
90482
96680
82951
56273
63482
6172
31362
21928
3429
5146
72714
37753
41393
56416
53578
75941
13029
45398
43129
41293
40525
61270
15666
71990
66493
38580
40139
21521
67836
58483
37906
97897
50031
67118
32086
77545
81067
42640
14750
32101
4043
67610
79458
45392
3017
42304
84698
100981
76809
9604
45646
90072
43496
2216
1327
81417
17924
92067
79832
49254
2671
11485
56874
24410
77368
88200
97750
93018
80147
86724
36590
6954
69633
48572
58931
52912
10837
4201
79671
70842
12440
3549
97998
27664
25395
65920
40506
15806
28013
19236
3167
88682
40087
35574
65572
23660
25887
27359
13655
33394
15115
2062
80596
51178
100525
96469
100985
57402
9000
5131
5778
37230
47372
40815
55291
51422
67070
85326
85752
37590
83840
59739
48922
78172
5686
71654
32972
20668
30493
67506
81370
75792
68176
37305
3481
58144
56906
94013
98310
60103
19438
46042
96562
67420
52441
11763
11090
74384
73874
40378
2448
58583
31649
61641
74429
97110
94924
72763
48533
78008
90881
9965
4960
43948
33870
83829
69929
40939
6939
13266
91547
61100
8607
98395
99828
84377
61499
73566
48334
45932
54845
81724
77903
68112
6776
9933
66187
13302
74433
30566
60721
99988
96761
66068
17969
72001
54232
69925
87245
85068
90948
1095
101926
37457
32683
31553
63138
14801
39909
2844
59573
31064
3545
78480
74178
2889
52096
47826
12158
21316
20034
14937
62200
16777
28868
46753
69484
48901
69009
92614
93148
100607
35877
1196
63899
69779
66341
38711
57852
5088
61837
28567
72848
60911
23359
39224
12055
97049
98040
3338
53632
36660
45241
9003
9351
37253
48761
52034
8928
44518
3185
6894
10859
83033
49466
26413
6808
47173
73610
87980
47128
6278
87846
84555
21171
21499
9774
20102
30245
97733
4226
34363
49532
55605
79619
7524
76206
102691
10262
82761
97078
5713
58026
16449
68440
86906
52880
6744
11211
4376
6263
7517
2031
48285
102505
45694
73201
68757
47992
16566
92281
10351
87149
97206
31765
15926
51854
85345
51617
61075
80400
63116
6971
89833
4973
27906
21285
82875
96587
48582
47261
46991
50186
99454
89114
10577
23692
37150
10170
2452
8266
76060
100493
4633
26785
87643
64231
23391
62600
75671
56176
74154
96982
40719
80011
10294
103177
41663
37945
14964
8186
88065
64610
49969
60584
48702
88515
30711
15254
11080
62049
1995
16994
21812
81328
1310
12398
76518
44001
44514
25494
33214
1168
36981
27721
86505
29830
893
43786
33416
30053
71464
7040
21331
31481
16630
12738
5224
16383
11122
99475
100316
73974
43753
89028
40884
30177
44321
85128
21697
95639
83101
47281
69774
52957
78910
11645
11440
64868
70672
75204
90168
97687
13405
51868
99952
23320
36832
87058
56339
49937
83069
50963
51832
84200
60481
27038
77202
30866
97829
61606
61552
74766
48751
645
97857
8366
30606
71639
79441
64985
41631
44737
63978
48655
28146
39858
10959
13244
60138
94712
68144
58819
96267
19462
73109
30531
94600
57574
85594
103407
68990
31994
72917
66974
19904
90610
24846
44331
92139
97792
46140
80815
73682
18297
82946
70227
38208
33751
59625
23796
86756
5636
17569
68034
72885
37233
48621
48056
65815
45627
52419
86814
38590
37258
13462
97902
34061
11029
41802
70581
71000
21908
31006
20986
75335
31811
5237
74684
21595
55386
35146
50569
54923
16688
5173
28555
68867
74720
103158
71373
100448
41646
36360
6544
54489
97919
28682
83348
5385
22989
93765
55480
24772
4839
47266
9364
6214
41054
15034
15651
47357
56208
16533
99956
102580
5814
65148
88673
60086
89830
60302
73598
89146
77085
64705
14221
47546
63605
17771
3962
77146
26549
17577
77623
61452
16196
75053
74583
41150
16587
6285
79300
32069
1835
65360
54778
11171
64427
37440
82496
66719
78155
82890
48518
25172
28550
38943
48324
95593
57500
22480
76620
74114
46679
12666
61760
69113
79445
59162
81677
49078
26183
99688
75598
57868
44967
80467
93672
83550
65513
97632
1190
98474
67912
79774
69626
70740
84836
10520
86640
10790
85507
23034
45818
82608
47767
5906
96285
35087
68436
102356
76374
94025
4564
31096
16229
3798
36115
74475
48610
43863
44238
78690
16794
77636
39125
1205
47387
33036
29644
101554
68204
28494
82675
95109
92738
41002
98993
8755
72884
4391
47995
29649
97556
20081
24939
48545
31288
101511
29717
42070
38844
17094
48059
89195
29407
37803
40386
70487
101
7516
95137
68839
95034
2595
16604
22807
55403
58814
91455
86441
11790
61488
42603
25459
80105
51906
11353
40102
83203
23887
22108
85832
12172
76532
5297
87855
70730
67150
64054
12500
59636
86657
59504
14895
75506
15808
2921
22012
87571
9998
29317
96152
17537
59300
54938
20320
18393
95654
33443
71958
96648
5005
101462
72603
72995
102520
99625
61762
61609
37815
27043
54877
22646
44605
9929
32723
58914
64805
1533
18995
44783
80348
81682
34726
73613
101797
62151
103589
77939
18981
6231
61321
100126
3040
44489
17820
91051
19274
11786
234
60778
84256
75006
55776
11394
68617
17343
32854
13886
91735
70191
16481
6431
79835
69643
37077
52409
91032
45617
17641
31271
49268
39853
53250
84730
8005
25398
23127
78391
78423
98232
27510
67614
66096
81718
47124
23904
62534
4058
23882
55791
38681
10886
74273
65636
78140
73181
22915
98770
25304
14976
26208
4682
103082
30849
26525
17688
78878
5000
99104
99566
84132
30694
56470
70206
12590
18684
86198
46123
100170
14729
63718
21012
98090
32242
48800
8635
11308
78816
13520
36478
12026
63295
98838
18133
91753
8723
56880
79066
101718
91312
84100
38067
47033
11620
17014
20937
93421
52873
21482
41118
73925
26048
74525
35119
28173
90931
25157
30980
40583
41599
74790
61921
16598
84291
22671
12852
16491
78123
100886
15314
31440
8682
12522
31084
86552
74857
67260
65832
66895
41957
81715
99005
38093
26017
54205
49031
61719
30385
37131
13442
55700
46175
29986
82560
101441
7873
97058
18193
90467
71737
67089
9268
15242
26002
41049
48550
5550
74419
18781
29195
100349
40904
65779
38891
11320
73726
72795
14333
64773
36463
120
1068
85049
61051
79357
69345
37618
39049
17875
55371
88151
64270
38274
49941
20973
4571
47779
36693
13088
48810
49286
74503
44692
58571
17847
72890
37494
56925
96530
97545
61930
19062
38002
26625
59743
34335
74741
92423
39729
1173
92606
84063
46804
58450
78936
53550
4290
41705
62851
97581
89350
43481
3944
52470
91724
58087
47747
58653
49591
78575
86739
9212
44138
38837
76855
7958
55469
63757
44164
15573
41086
52680
44348
72984
64815
42171
63651
72735
43688
94850
103534
72989
85407
101028
34164
11058
84168
40400
8398
48736
8057
27750
22257
23672
15440
7132
95058
50147
93343
4528
54156
54600
73472
21710
43477
30747
629
90344
48508
28118
87775
22738
100953
10463
9120
80715
102840
58461
85944
96078
98211
84323
27227
34240
48862
67356
52768
57067
73508
31224
36522
747
90653
78709
941
31175
68045
79290
96574
39261
24627
22083
32058
46028
67361
26753
102232
37676
34082
10363
34203
77407
41172
3927
74659
72937
28101
45540
89984
9509
66302
48875
13341
62193
30276
10267
82269
18082
24882
56397
41672
5383
94691
52905
63842
14748
24798
70143
38316
47160
20469
73481
34501
99891
7961
91299
23608
79716
70092
96206
43763
63135
32465
19391
92325
38227
101801
10039
42768
45330
32398
20566
96235
76783
56135
59408
86689
1036
44422
70684
61687
59728
3666
66983
9251
92774
41437
40859
102776
70410
47427
69397
84027
5425
77772
41978
82665
101120
79319
63821
52796
92298
59205
10234
52944
74143
29458
57620
101624
70220
74035
96644
16520
61058
5141
66461
10395
83001
77687
34630
85895
102488
50239
21111
97401
70171
93411
44474
28097
22883
75827
33818
16676
16466
29952
977
98997
9135
54813
96616
68376
100202
100148
76353
49149
76989
69038
71245
97237
3365
95552
46590
45610
50699
31327
21294
54738
92629
61655
48415
61122
8981
797
538
103502
83761
4311
49138
23704
15816
29736
65653
2480
79430
90903
19787
50935
72414
72103
44325
10282
40023
76129
82095
90860
41608
76778
29247
45181
35918
53810
24885
31977
30003
92385
58090
91071
84838
60606
10181
42679
41996
91175
90622
76065
1692
63187
2463
56910
33807
48302
33103
98052
35089
99549
89993
14156
52338
15293
49172
82939
38553
101782
80266
37245
12714
22666
33843
100918
9621
96284
95184
22452
54525
51566
5405
76535
42387
68785
21047
23810
79121
33695
35474
72643
72831
20507
24501
79117
94458
80683
73021
64836
102243
50428
52690
22582
66470
43839
47710
8963
52040
97664
13255
21993
83524
48076
64943
39318
13199
69041
77804
92125
50514
78239
14382
27708
58600
30878
9485
49579
101345
68932
16060
92561
56983
31669
83538
69133
82219
54960
18857
56156
39752
628
80068
60641
7691
89206
7477
88693
25916
50475
103563
64422
44992
26746
29289
74063
81222
52208
90519
66669
19745
101083
8848
3230
12148
75402
16164
7484
44128
54890
82127
6587
39194
31305
50393
3826
15504
55732
13993
75769
34748
79684
61202
3661
70217
99164
43303
87377
85539
27718
93898
72201
33106
99657
72618
21348
12539
60473
18416
52983
44870
32150
10881
79261
24028
87675
2427
40257
35996
51935
54970
46799
14602
49860
8101
75615
56766
67197
65881
49701
25552
29971
4447
73744
48362
9956
63472
66854
48228
19900
34178
12699
73371
6791
45907
48233
19990
23438
91554
76111
100034
1142
36431
68640
35795
93902
47900
44628
14591
56951
34430
26763
61730
17446
96871
23095
68239
51636
10940
71405
23194
95813
87252
91522
20046
46946
32783
70075
94735
55811
48907
75955
52217
72863
47592
54380
44719
22379
82515
95336
44155
99803
32539
18311
86418
13142
44376
51141
90037
96911
10805
47806
7427
51871
50280
45483
35909
9458
11962
63103
54390
11352
66328
44687
19423
77587
73962
49247
6619
81137
2331
58963
21089
2146
67232
59809
94517
16613
76079
95291
97269
48793
4105
16713
66751
55246
49383
53514
58698
73048
55167
101060
18033
41233
12975
12479
90157
3693
71602
70455
59123
30125
80794
101093
3135
37761
7143
31818
37830
9818
80289
25801
60280
76406
80351
25199
47047
54858
89981
22034
101730
49449
4022
92968
68704
101533
98459
20014
66111
99581
82907
15568
64412
96565
82283
45052
85386
9754
10730
20381
54476
75355
101189
16444
56942
79315
2837
54313
68532
29780
26770
89881
56595
34848
83518
35548
90804
27969
24323
80435
28074
43111
93199
85185
51316
53350
18425
69993
66255
12494
63401
97677
34645
21939
38125
62443
76984
25635
31688
27115
87758
4515
53846
19030
94361
51738
87747
4575
96693
50537
6121
101156
49992
77336
50461
27811
66704
42869
91139
24188
44987
40588
34435
102246
38856
93141
65674
86297
14273
24995
21450
86948
101736
91419
29525
58065
12462
48462
22617
21952
100309
26053
74627
86416
77178
70040
31171
45196
67758
16576
555
90327
97666
77446
60307
72261
42972
42424
52406
66892
42291
93333
82394
100643
57676
70156
6576
52152
69028
41992
19005
27435
93856
37871
77627
82535
90875
78254
19494
79367
30817
66886
36386
170
66710
32959
95841
23519
15490
82601
45515
45599
25491
13950
73156
1078
66382
62141
85937
73462
97121
46636
101343
68419
63680
62686
21139
8507
29763
55309
73549
57419
78293
60867
35862
76404
100974
28192
93231
67178
48167
75044
55222
50578
20882
12089
75464
93613
86176
73489
84774
52900
1295
62645
13145
17803
41200
1671
83953
7573
101487
51785
26964
3012
66223
40304
17226
9759
70402
63703
30397
52204
27596
21082
64599
53069
72345
21383
51289
45238
79721
98774
50720
76160
64174
64323
23919
2109
41452
31945
17903
8353
115
40457
42154
59135
35110
18482
32631
35461
43656
80115
63043
96867
51851
51918
103104
68843
9261
69678
80896
18154
44560
102576
56021
99117
49915
12490
33191
84115
103117
42402
60440
43089
11313
2918
23162
81644
73650
1728
86971
96167
29604
28922
15130
52315
28152
77480
20658
67663
69285
59991
4110
10673
88232
9801
8536
90750
60135
5361
20143
249
35933
81893
68051
15263
100143
41742
25214
404
38204
29299
65898
85294
34356
51659
5163
67849
81603
31617
90109
33949
62122
43341
102823
25147
23374
51062
43981
30923
29879
2612
63810
82268
35078
75314
42176
7083
37273
12376
53563
75292
30145
73942
18180
50544
103173
66350
54422
13815
24108
33441
10387
60798
103486
43046
99635
97770
99319
11549
64491
34729
56181
97728
80464
41869
55764
30340
73714
58097
96302
56648
70287
79936
62924
15791
71869
19533
72537
85211
5260
35437
77888
75579
70461
42441
13783
88633
16708
66167
98020
20516
28057
70107
74361
71758
55077
61869
76699
52081
82002
50669
57943
91394
65847
56798
100261
18459
48069
98079
24445
8551
37659
88737
77907
71886
48030
55436
53890
93924
20280
15780
103285
100216
90227
73386
63802
61667
51361
51668
101384
93705
41398
71049
66648
16513
741
42652
82320
53215
2947
57780
52476
56606
73512
13351
102559
44802
59359
86644
96131
9791
67133
46134
2527
80334
101943
92580
70948
32490
82074
20056
15611
26820
65549
98278
16894
83819
48820
68585
49896
60599
19142
39989
26699
13457
82633
86842
65328
85622
57176
17113
25109
40928
34213
24659
31047
16434
100323
44398
41609
15072
103021
8765
71756
96093
80751
93669
56226
4339
45048
9208
89708
41589
82112
47169
101677
56889
38548
8811
81788
20162
58269
78636
55886
66438
86403
53230
90025
74021
76307
18328
18546
14168
15558
29051
5422
29214
75940
74775
77379
70658
66206
32802
48157
91254
52184
49737
96924
20835
89046
80281
31693
2210
58058
49303
36336
85800
71441
2544
68831
65678
32334
65004
54804
92248
51199
97439
50164
19543
7695
81667
61751
91636
61825
11922
43143
76500
217
57631
53273
73521
56534
14347
83074
61548
82465
67414
58452
61206
67223
14419
83274
41006
55038
78348
13982
59295
46923
63995
90767
75149
19044
30754
68557
3979
96861
68964
86852
50928
42382
65621
45897
74615
86171
37220
49816
1618
1750
60693
38328
101537
32366
47164
34987
53305
72198
86885
86717
102858
15795
56367
90773
28964
21999
24009
37704
31578
34324
72867
45309
3108
26301
87202
88403
66270
60689
78549
5708
79015
8463
93057
80785
63148
40546
45086
97600
65210
93542
51425
25046
11075
69615
39589
96668
95836
30269
1899
83896
70159
50048
15357
82236
55020
54980
68799
46200
33077
22384
40307
40206
83178
70297
35222
98432
40329
44316
34531
100678
82858
57451
26085
42056
102295
5857
30427
13747
103545
698
75656
44447
74461
66592
6830
44174
83973
31656
22678
7409
35134
81095
23732
32041
76714
89650
94481
81196
29424
84342
1369
99075
93768
85734
3858
4220
84915
54576
9717
72162
27568
100116
93180
4904
85562
88037
75216
79254
86243
44876
10785
52002
64655
80383
61090
31902
84102
1867
36864
77365
98442
45101
101792
5120
36436
78594
71221
76661
91103
68736
46314
7345
43192
46805
1031
29676
11684
3848
86047
27126
53286
56838
18050
93686
34403
43025
73398
83477
16868
19455
17759
58899
32458
18595
29435
22485
75324
33411
5192
23396
54836
62324
25260
81747
6283
22347
87262
42446
25311
83679
3172
68849
83578
97517
49460
63450
83765
65449
76038
31517
2131
53254
41528
39300
72218
40983
53406
16135
71813
56554
1290
5292
11014
36949
43570
15222
13120
16054
2723
74617
72742
48869
33619
11164
6017
72905
40669
47419
103199
47389
49134
59172
96931
60042
84445
53269
85179
18575
65800
62419
37105
36939
43683
84540
49479
29805
87362
71858
80704
2976
25211
36275
38135
78388
97882
63661
81705
88862
94218
45228
83210
68853
17424
100062
74956
17524
88484
23297
36903
95943
9278
74003
40788
27524
82498
78158
19565
85756
17774
32599
49947
81489
94150
29537
40879
18678
8563
73224
94887
19204
75128
62959
59003
28850
9813
103693
13955
73893
49185
56325
52113
20268
56253
25343
5529
91649
4603
58428
4623
10662
26044
77129
103227
77952
5242
79351
74082
14093
11945
11055
80549
12568
9131
23563
15541
70719
73578
77432
45476
100742
99539
51903
72239
90786
6127
62355
30209
94250
47280
68115
100249
10772
20117
3402
56403
76881
24265
19681
84140
33543
61842
75926
23951
16103
84894
56921
102814
17175
93287
88990
14264
11072
85720
61164
10484
77450
10138
99620
101124
99938
38483
1554
14662
67543
27505
90181
66875
30140
6138
25591
44564
81077
53729
17104
9233
44104
4101
53640
12789
16898
32611
44289
62947
87130
62593
1024
23707
49809
26950
3910
10414
41901
26152
61684
88779
91397
17362
45589
22543
61018
7373
9324
92675
55263
32571
21857
44100
81127
72518
49400
35938
16730
66152
35600
88375
81237
25622
46951
87907
103272
68172
20862
81779
4592
102024
17734
49217
74566
34117
40970
43885
38099
62243
5999
22759
60577
79538
40151
29802
24015
37536
75026
3577
20400
11445
86339
9886
69409
42323
8797
24617
73065
11527
63199
13147
47742
43435
2495
45277
34861
69547
90977
76342
35735
43538
56118
53282
15257
35632
83565
42144
11224
3382
16336
79336
14431
101483
82870
9305
38772
6014
77426
48238
90393
6732
41127
16280
83295
16933
62232
36040
89060
1083
36390
42497
27237
59106
86148
7824
9460
94917
19841
23342
38266
23329
70783
930
47697
77534
102445
46895
46698
4792
38249
31188
64578
42994
57719
99043
76555
100153
93955
64514
98962
39957
50119
511
78085
47188
15267
56393
84845
26979
18161
42024
97153
76957
40820
18549
39515
95105
56258
7396
53827
23650
100885
94178
20830
101006
86667
61623
80698
8045
38498
80018
13548
91744
94671
57108
77959
19655
62247
22987
6405
79789
43290
35236
85113
50803
94109
3332
25425
27760
16668
97089
77709
70987
25462
13469
80677
84239
101820
97242
100575
30841
16662
43207
22755
18906
91929
15980
90323
102158
60879
103634
76849
70361
71901
90180
69537
80779
62148
66394
81900
62370
65458
79487
3883
10198
96326
74914
31748
28409
19550
62183
84890
9731
21235
74207
79630
80952
60430
66238
44725
4884
102090
43364
56912
20063
102186
37517
89746
11417
28455
67025
78529
74946
57220
98447
52448
49183
34320
80353
57089
49994
102310
49221
13854
65553
20885
87288
90536
30262
35827
98427
26581
33643
84486
31379
100483
93050
83691
26218
26089
62387
94703
74222
8062
98668
47451
49492
57015
35377
21299
6448
96766
25670
79753
93022
6057
60354
11335
3377
48687
103493
13437
68019
4647
68372
78838
16804
13130
49767
26279
73329
72944
83892
98491
70420
67987
23745
83497
82191
27055
47482
83114
74397
93183
32363
51639
31391
28018
7781
25196
52922
66360
42350
34484
64828
101068
58357
62820
31793
93535
47376
36664
79030
45469
78219
37861
96852
20305
93930
86931
1879
68596
79287
33575
7431
51802
2141
76744
78341
43895
18761
37758
5136
715
99874
75643
15885
59140
48864
7368
36871
46414
1761
16308
29131
82426
23640
73148
48441
36340
103553
59198
56573
5896
15450
1501
68518
68458
814
61353
18629
80762
80280
44299
89043
67881
47229
35061
59491
33145
17411
21016
16071
11603
23547
26124
58568
1233
27266
76837
91243
30583
38824
56380
42419
45875
24990
78787
17326
68477
81767
25363
17871
48037
12725
52076
29059
45621
45578
92815
58217
6655
78732
40595
83723
56562
69280
98833
26066
54615
69693
94823
63789
9337
60562
56663
6883
29349
29668
73534
96815
44211
52088
70832
46393
14538
103195
26135
92477
51457
50250
14944
44040
34144
97797
86016
98300
70111
36290
71171
88371
21403
34911
59337
57663
27536
91968
22942
24518
61132
45751
49200
7605
101543
26120
70698
96661
78306
27986
39029
24156
74401
11235
53473
38627
64097
37663
42837
102328
82027
60113
47665
60990
56855
83293
24670
96406
5358
61380
30297
22063
50668
66250
91313
58281
13308
96477
87112
83389
54611
94367
25240
70173
79128
13694
20533
35066
75352
90862
66352
93560
54141
57169
58802
78860
67961
62793
23826
28852
63800
74969
40957
21604
86923
35326
94201
89885
5027
39956
98549
74607
77437
98304
34405
10925
41734
79247
71219
72720
5745
24324
43045
13541
68482
68244
24892
27950
98318
12253
78684
103126
95966
33758
67880
26206
101914
37655
11030
36731
18053
6216
64486
87974
67096
60737
24239
74565
70170
65542
97430
10945
2185
96047
30106
49269
81511
11179
45229
84688
6132
73723
86452
70162
26256
57187
95429
9023
43520
35480
5603
90447
80567
7330
68433
42059
75373
29720
101104
30915
92183
93143
17350
86559
61549
30590
37309
58904
21676
28005
14141
65797
87156
94107
26728
32267
75417
30911
103751
22779
100722
35250
24961
3227
14902
43671
25995
819
14646
78080
59961
50519
55317
84612
17372
66636
67294
50910
53698
22255
64756
65379
78907
97549
35837
15635
78147
75552
80414
99802
64770
26776
41347
54356
60902
40115
61093
30163
66484
22085
4349
89075
24461
12149
78187
89132
73939
5381
63142
102071
82370
2655
94177
25889
4172
40761
69695
19786
9167
26706
94147
88049
102922
27653
75823
51834
60059
53880
30366
70374
98836
9420
24951
89815
47985
29376
70757
54817
87657
53556
48955
59200
70958
71212
1511
19169
66046
27455
66401
34386
66717
33226
97844
38382
1803
29300
10578
32485
28884
41282
93359
51515
75064
28513
35100
76118
46235
43237
93874
50701
4387
30097
92845
23432
43493
53130
29614
10443
96803
39282
98750
49793
96670
54387
103860
96454
36594
63834
82845
100763
48884
93266
100962
28378
101871
61120
82835
49517
22512
40291
86
8222
68673
95367
64204
74464
62682
43723
2123
99877
85843
22170
78176
36075
80816
76586
8140
100976
69716
43676
95837
69363
546
80513
38411
8448
97118
27756
89902
94596
48996
2440
35712
30916
36883
2996
14169
16045
103190
86454
2608
72489
102283
88306
14250
92925
89225
91486
5423
72051
64850
61418
6507
24171
74211
100527
49135
26889
46784
99398
92285
39481
75282
101947
59089
39991
25926
26355
10890
99876
101340
58137
2715
100005
9375
81280
70387
70561
99731
13597
88093
47804
75527
77392
31469
68733
78563
42035
45775
87293
90242
29107
102334
157
75567
79848
8692
29524
101838
29964
56045
21469
66598
7864
13060
42906
48567
1341
56158
87161
95205
2150
2680
69322
96764
44669
10519
33624
50125
37593
102316
86982
5507
5209
41138
38564
34858
38151
58455
42981
74609
52241
81636
29687
53347
74742
72371
90454
99577
76309
28346
52336
11454
54202
71518
42232
83592
66581
87399
71180
59871
24775
81411
4521
52866
31826
67068
25187
93253
53613
23186
42182
103759
38964
61701
54664
59336
74921
80474
56672
32227
55594
45699
87123
58917
70619
24448
87335
56308
7140
13669
32564
10226
20572
81381
76002
11584
14248
103220
66165
83852
81469
95422
5933
58603
46543
69449
17710
8085
75147
17873
75090
59101
2367
30924
23130
48838
1239
23090
4546
11100
44806
100641
90939
56437
45938
19266
99240
99611
61642
16319
9799
17932
37883
85043
5468
86507
102080
52901
70317
25093
17795
65917
45446
81564
48887
13076
38504
82987
10219
55279
30207
2657
5427
44708
64286
34351
18042
73416
21537
44141
7552
27782
98478
73407
65229
91585
14009
4654
97093
71740
71573
23384
43928
41341
10797
74830
24592
14321
90576
84932
43792
83570
5624
1726
49124
3696
81835
82833
37359
28985
48196
14115
102626
15813
83405
22868
39378
50171
100010
86427
48451
89571
89348
14074
17189
93920
23552
69916
38838
2254
62817
9726
30281
93882
6909
10034
8391
24537
82497
19828
17496
47921
83043
16142
1392
39532
66076
97427
83988
97802
3861
21307
69181
80956
76958
72009
1429
89393
76460
70664
77465
70770
52252
74551
94352
90237
14575
350
9842
25125
39818
83685
21590
19079
69870
100321
19811
62942
12860
73381
71810
60511
4415
49291
68538
98840
16441
13281
7860
31655
93546
97729
11748
64009
48065
62832
14423
79756
27460
50016
54047
11934
33610
84878
90790
31940
78039
87126
80000
51563
44131
31695
78295
6760
57430
80468
95886
7562
57165
16507
45287
97744
9146
52245
48921
73169
21006
101064
55455
56550
51790
91752
40153
5072
24840
40287
23808
51922
75875
71893
39567
543
32509
29354
7288
99451
16271
57699
70059
21240
47493
9056
5714
9552
49671
73529
89532
99609
97866
65485
93755
31627
26712
63614
80176
53625
10355
4924
8429
73779
69699
18201
71157
84967
20663
19368
65265
45773
49544
73711
100084
75546
5474
35573
57432
49010
100446
80227
77277
24242
1914
15973
93269
18962
3639
7471
17594
94038
93551
43549
38431
61056
17854
103445
16309
71156
16876
33475
64573
32815
39090
27650
16879
92992
83692
55126
31755
34237
92685
1181
18110
80274
58304
26504
68438
69303
72729
87179
35820
36617
24837
21977
14578
9585
51838
84122
43093
32965
65167
58293
102532
3194
63105
61575
71808
22430
69804
72292
38124
98344
20247
2023
58353
44004
21579
15054
100844
62584
79885
50047
49189
93853
16641
41787
24424
84048
99261
57779
62815
77453
83791
85651
87700
54164
23234
46522
12310
28426
68173
78998
61894
79102
9707
38051
74747
50567
68893
102449
94872
89464
3831
10060
50473
34490
71001
92670
30416
3457
40284
46004
83671
19269
80162
76091
6717
7350
77180
18251
68552
54806
58071
51127
35417
46875
21433
23568
84960
60503
87839
95950
4033
85560
26514
55138
79328
93108
72212
7532
94991
99098
34326
20628
31141
96495
100810
34680
12409
62616
39054
87605
54446
100168
83817
45187
14817
82999
37664
13816
38545
40271
66911
44026
66737
65664
88275
8343
42086
78952
9447
8872
75886
77538
36174
38885
34153
83285
36532
24526
2422
16405
92511
8847
101743
100506
74434
45295
101754
26138
22869
88396
74555
32720
101756
67242
69801
61469
72932
91824
48070
35675
102019
1271
34515
56235
54410
31999
5831
64176
37679
20788
5825
35953
38870
23752
18801
6284
61250
87154
80739
80257
78593
50167
95636
82933
86905
47998
49985
21516
65930
21622
20275
57038
98455
26390
46657
92461
56970
87896
59807
67360
25588
28456
989
36460
25668
71959
35934
46824
44229
67237
95879
100811
82657
50961
77899
69597
19748
23537
20890
102472
54038
10408
67876
31799
95985
4439
7729
17941
10846
102027
34564
46566
6091
89764
54463
63511
61340
86922
68193
73738
36254
26178
102103
19711
4828
2504
31132
103788
66200
47215
78310
36014
97471
34824
37543
30511
55660
65939
39206
19363
101805
40759
33674
86962
87615
23113
13813
77014
52788
1126
62257
1003
56252
10952
102176
79821
79979
85748
67352
70674
37136
40622
84595
16704
44765
16886
78449
77981
58019
28829
55142
71084
52366
68776
21530
11736
70924
68512
88955
70576
13251
30193
40254
97793
72816
101122
2186
78456
68349
80781
65322
44290
2161
94579
63921
32280
53479
102250
91632
15943
19330
58979
82297
102866
79779
2726
70332
17266
23540
42284
51383
92999
13699
102777
59693
12218
65160
11498
40112
16584
41502
4779
66213
87528
20059
58729
91231
1198
49726
6751
94474
75720
30259
23943
67907
2619
50861
48439
77912
54340
42976
76603
24955
64139
81181
30429
9348
79532
68540
82595
14555
46659
3273
6787
48947
38707
96641
33020
97992
34300
59749
39871
24616
61664
87353
39363
65606
30371
96452
67405
90704
97466
48745
57740
38647
19645
103106
1826
71519
75576
54967
40431
15291
4056
4157
24469
15680
20560
15336
59845
85776
2482
55908
40902
22905
37687
32419
83512
97525
77025
47939
91105
48762
47957
19816
60726
88459
83133
7894
49160
82943
38018
94626
9776
97105
37515
87052
98294
77282
63137
85678
70878
26756
19969
63171
23598
88644
51625
17328
32159
71263
40650
54107
93763
34280
67809
27490
12088
16820
96491
22135
91755
48464
53822
99916
66358
44893
44995
51577
3586
75495
17738
59987
12931
67901
94460
26318
55629
38075
49880
99676
93316
32149
39736
80322
37155
76878
43140
50823
70316
28498
91466
25284
101661
76766
4583
72130
83260
77858
51524
69616
42116
85312
59199
50617
52165
5926
20231
34866
92376
65867
23273
56827
25117
56276
48828
2909
89419
65718
24796
2320
101617
23066
2651
13637
44118
51699
62638
25671
103698
88601
13366
15161
81056
90721
19301
71053
31318
65942
82512
4203
22938
21127
152
21532
45231
22926
56052
48641
42696
48699
69127
5130
15360
55842
47315
23836
25379
23064
92553
24799
32148
76027
85982
79827
27431
51535
3483
27537
51700
87638
60480
5137
55575
38079
19914
73450
5115
5658
87428
18035
22363
9475
2047
97397
20389
80788
93886
16941
28
50722
43252
9867
10600
6984
21464
11731
52882
56840
15446
78940
14870
96957
21940
13927
7622
31332
100118
95852
56883
57555
73757
62648
50670
89588
57171
73829
11784
20296
701
59612
43924
48347
54078
92771
60591
10814
71568
34292
70067
32726
97804
100045
55864
1499
40035
63860
94922
78292
76562
61798
91460
17927
76020
33379
57935
39755
64593
72492
19806
14697
4855
48295
75530
87147
56432
73126
93043
1333
61050
80558
34629
81479
72173
56375
91880
84904
38250
60067
43088
50586
16758
39099
90114
74200
48915
36399
58750
21073
16357
79719
74943
103105
91244
91058
25939
75889
30242
36754
75200
55018
61650
98829
19674
51056
96709
11128
72211
18771
13167
77128
43387
92996
95169
41671
72512
54591
21399
3733
96535
81689
23305
8961
44178
72153
1382
51648
91695
60084
16510
37986
75659
30736
23310
45279
75735
6832
56144
34514
19000
89010
94497
29285
86062
30012
84189
68763
68993
66988
30625
70322
12467
103374
45440
54589
38771
55802
43634
28575
33167
95560
9804
63844
88176
102259
101019
80987
66561
15975
55039
80443
53163
53480
84460
62785
84679
35767
46370
17267
25873
23535
34259
58282
35172
17770
68551
42052
12305
101204
8348
5478
74272
46159
47238
57084
95025
17867
36238
61166
19606
13314
24216
94111
46810
27825
70372
39996
803
70288
82703
3220
37266
102585
95190
76673
76273
53985
79980
57626
71024
63156
67393
65728
46876
16447
29607
21756
72363
46778
86867
29949
57352
14262
69817
38390
91196
23449
42479
26799
97051
41062
7306
33800
62546
30317
94635
102688
70753
71759
29993
27353
89386
75747
97781
2937
35016
44168
14445
49151
54780
49273
80601
16565
87537
23950
48353
68803
67603
51649
5494
103682
43827
68621
96366
53738
41462
37696
65593
46412
36240
51621
13326
5354
76702
51008
9216
87026
11845
32647
89621
65465
37521
15655
5869
95050
58182
25823
98063
91531
8066
44323
10570
78779
38922
42357
85907
87471
36875
3832
91012
85037
79540
41124
60695
24628
3330
59965
67054
55272
33907
11202
20719
85614
10332
90470
73316
73640
103803
34152
69894
43020
76101
50203
1797
55536
16670
96994
65299
79539
40688
97259
52297
55133
3776
2929
5419
91493
22316
45325
68901
51399
70439
29230
58359
47149
2702
44301
8693
62073
35780
36514
28952
52187
80612
86647
46263
94059
5783
50777
56567
39480
72019
5623
17296
86242
98077
66962
20989
81221
74343
35763
76777
94072
24847
96947
30721
25703
62195
49629
35907
42873
254
13644
19231
101802
18070
67707
6345
67273
29457
9802
34719
92965
5655
90339
81355
103329
91786
15681
19022
19298
59462
52738
93355
30610
48895
48168
59545
103296
86934
69401
54909
25477
83175
46094
50179
85873
45616
73283
78299
95448
1911
35086
84065
69115
101180
100065
155
62080
91716
69600
20555
95444
82747
40971
15911
27430
8281
72855
44206
64997
29498
93358
4914
44166
45083
59787
56510
103157
74084
40668
80212
393
66590
5840
69361
56928
16863
56115
61383
40573
19792
96827
98779
42233
20876
35273
2126
15103
41711
91301
19615
41530
30717
99295
82395
61725
56708
31412
44101
43176
47840
85671
52724
63047
21105
91638
14992
46704
54766
1484
27711
54486
64263
79025
5345
96626
7468
61248
19791
37445
85953
98081
68780
89315
39835
15597
48873
87863
63190
18181
89450
69523
102236
44677
93079
76276
40632
5915
96432
22944
101231
68317
28727
71316
23213
42591
52692
92769
69968
51069
78641
7274
37091
10320
42799
20189
61239
73208
23978
31280
102296
88361
10533
31037
2345
67748
25945
89355
63946
17654
22265
96850
58423
69372
33003
44243
20757
91060
9015
42958
43619
60331
94800
68873
44327
97528
70574
73121
97575
90946
18719
52412
34638
41491
69405
59577
67149
39354
80807
66090
74554
64716
18632
84052
100082
7751
11470
66017
70964
33578
56795
41336
61884
5013
63299
7172
33544
13252
54322
8350
30937
100330
47646
79463
99650
88021
70560
100939
10823
53665
43836
35281
89769
46906
4686
73389
79542
48577
39535
20361
7632
45576
40728
41143
78033
63794
8027
38815
67253
69284
2840
98411
48262
71680
42430
91302
24901
22871
77490
29080
103131
93807
31959
581
29652
94655
88531
16574
80020
92719
19856
84343
46037
17425
19764
28825
61147
99405
41469
39176
10929
16277
62061
73699
49562
35701
81918
87275
44107
51917
90204
87315
11925
74879
37183
96569
96864
9252
72319
88242
76030
43613
95696
25718
48494
87309
78455
56699
21673
38022
66148
47702
56363
97300
50978
7902
63427
24318
71310
39600
16681
6249
79183
65145
72922
47296
87714
103030
43940
51035
30579
74712
74708
101305
72638
53580
82831
65293
42789
7232
5564
7131
39060
37889
11347
40574
44704
66101
39746
33158
95514
9531
49879
77820
55911
10986
34192
84332
8922
25126
5568
39679
7139
88465
84147
86159
82753
15154
49320
64073
102800
4122
92919
82531
81876
56378
43287
82751
75093
7489
80432
73906
11400
